1 0.01014
2 0.0099
3 0.009795
4 0.010225
5 0.010015
6 0.009735
7 0.009845
8 0.00986
9 0.010275
10 0.010085
11 0.01016
12 0.009335
13 0.01035
14 0.01033
15 0.00966
16 0.01014
17 0.01005
18 0.01025
19 0.00992
20 0.009915
21 0.009935
22 0.0095
23 0.010405
24 0.009985
25 0.01009
26 0.00986
27 0.010015
28 0.009795
29 0.009985
30 0.00976
31 0.009955
32 0.00982
33 0.009875
34 0.010155
35 0.00969
36 0.00977
37 0.01003
38 0.009885
39 0.009775
40 0.00988
41 0.00982
42 0.009775
43 0.01002
44 0.01003
45 0.01012
46 0.009645
47 0.01024
48 0.01015
49 0.01006
50 0.009885
51 0.009865
52 0.009905
53 0.01023
54 0.01005
55 0.01014
56 0.01016
57 0.00999
58 0.009815
59 0.00977
60 0.00993
61 0.01009
62 0.01044
63 0.009945
64 0.010035
65 0.010145
66 0.00998
67 0.00974
68 0.009975
69 0.00984
70 0.010145
71 0.00984
72 0.010205
73 0.010045
74 0.01029
75 0.01005
76 0.01012
77 0.010045
78 0.00988
79 0.00983
80 0.01015
81 0.010055
82 0.009975
83 0.01002
84 0.010015
85 0.009725
86 0.009595
87 0.010045
88 0.00978
89 0.01006
90 0.010165
91 0.010345
92 0.009945
93 0.00984
94 0.0102
95 0.010195
96 0.010235
97 0.009985
98 0.0102
99 0.009845
100 0.01002
1 0.020085
2 0.020105
3 0.019725
4 0.019055
5 0.01901
6 0.019475
7 0.018805
8 0.018685
9 0.018555
10 0.017755
11 0.018055
12 0.01757
13 0.017535
14 0.01763
15 0.01716
16 0.01677
17 0.016535
18 0.016435
19 0.01629
20 0.016055
21 0.0155
22 0.01602
23 0.01565
24 0.01495
25 0.014795
26 0.014485
27 0.0149
28 0.014315
29 0.014875
30 0.01386
31 0.013975
32 0.01404
33 0.013695
34 0.013
35 0.013385
36 0.01296
37 0.012615
38 0.01233
39 0.012385
40 0.011785
41 0.01174
42 0.012075
43 0.01189
44 0.011115
45 0.01078
46 0.01061
47 0.010425
48 0.01009
49 0.01036
50 0.01008
51 0.00981
52 0.009985
53 0.008935
54 0.009065
55 0.009155
56 0.00863
57 0.008805
58 0.008785
59 0.00823
60 0.00794
61 0.00762
62 0.00765
63 0.00774
64 0.00724
65 0.0069
66 0.00702
67 0.006745
68 0.006335
69 0.00654
70 0.006105
71 0.006215
72 0.005635
73 0.005515
74 0.005065
75 0.00524
76 0.005055
77 0.00455
78 0.00439
79 0.00456
80 0.00399
81 0.00402
82 0.003705
83 0.003615
84 0.003155
85 0.00302
86 0.00317
87 0.00275
88 0.002315
89 0.002265
90 0.00236
91 0.001825
92 0.00154
93 0.001485
94 0.00132
95 0.00112
96 0.00082
97 0.000745
98 0.00053
99 0.00032
100 9.5e-05
1 0.000115
2 0.000335
3 0.000585
4 0.00068
5 0.00089
6 0.0011
7 0.001225
8 0.001445
9 0.001765
10 0.001895
11 0.00207
12 0.002445
13 0.00248
14 0.00256
15 0.00298
16 0.0032
17 0.00327
18 0.003535
19 0.00358
20 0.00403
21 0.004175
22 0.004265
23 0.0045
24 0.00479
25 0.004745
26 0.00481
27 0.005505
28 0.005235
29 0.0059
30 0.00589
31 0.006155
32 0.006365
33 0.00683
34 0.006675
35 0.006875
36 0.006915
37 0.007345
38 0.00743
39 0.007845
40 0.00772
41 0.008125
42 0.008325
43 0.00853
44 0.008255
45 0.008995
46 0.009335
47 0.009515
48 0.009315
49 0.009495
50 0.00955
51 0.00986
52 0.010425
53 0.01084
54 0.01078
55 0.01112
56 0.011065
57 0.01152
58 0.011325
59 0.011665
60 0.011935
61 0.01189
62 0.012435
63 0.012205
64 0.01257
65 0.0126
66 0.013285
67 0.013045
68 0.01392
69 0.013625
70 0.013335
71 0.014165
72 0.01407
73 0.01451
74 0.014415
75 0.01499
76 0.01539
77 0.01566
78 0.01553
79 0.015425
80 0.015985
81 0.01626
82 0.01657
83 0.016475
84 0.016515
85 0.01707
86 0.01677
87 0.017365
88 0.017355
89 0.017725
90 0.017935
91 0.018575
92 0.01832
93 0.01781
94 0.018765
95 0.01941
96 0.018755
97 0.01866
98 0.019845
99 0.019795
100 0.01961
3 0.0144
4 0.0143
5 0.0132
6 0.0556
7 0.04415
8 0.0855
9 0.1793
10 0.0972
11 0.0983
12 0.1818
13 0.0821
14 0.0405
15 0.05455
16 0.0136
17 0.01515
18 0.01355
3 0.02745
4 0.0253
5 0.02615
6 0.1026
7 0.07155
8 0.1366
9 0.2452
10 0.1083
11 0.0879
12 0.1129
13 0.0291
14 0.01005
15 0.0077
16 0.00065
17 0.00045
18 0.0001
3 0.0002
4 0.0007
5 0.0015
6 0.00805
7 0.01115
8 0.03255
9 0.11555
10 0.08935
11 0.1051
12 0.2532
13 0.1387
14 0.07355
15 0.10265
16 0.0273
17 0.02495
18 0.02745
1 0
2 0.0001
3 0.00015
4 0.00025
5 0.0005
6 0.00065
7 0.0005
8 0.0008
9 0.00125
10 0.0014
11 0.0023
12 0.00215
13 0.00215
14 0.00305
15 0.00275
16 0.0034
17 0.00375
18 0.0044
19 0.00495
20 0.0055
21 0.00635
22 0.0066
23 0.0069
24 0.0073
25 0.00785
26 0.0081
27 0.01045
28 0.01075
29 0.01065
30 0.01085
31 0.01245
32 0.0137
33 0.01395
34 0.0144
35 0.0156
36 0.0167
37 0.0173
38 0.0174
39 0.01905
40 0.0183
41 0.0187
42 0.01865
43 0.0217
44 0.02225
45 0.02315
46 0.0229
47 0.02455
48 0.0265
49 0.0252
50 0.02565
51 0.0261
52 0.0246
53 0.02435
54 0.0233
55 0.02045
56 0.0198
57 0.0189
58 0.01965
59 0.01975
60 0.02145
61 0.01815
62 0.01705
63 0.01775
64 0.01675
65 0.01495
66 0.01465
67 0.01445
68 0.01225
69 0.0129
70 0.0105
71 0.01125
72 0.01075
73 0.0096
74 0.009
75 0.0079
76 0.0084
77 0.00785
78 0.00685
79 0.00755
80 0.00585
81 0.00515
82 0.0043
83 0.00305
84 0.0036
85 0.0032
86 0.0032
87 0.003
88 0.0019
89 0.00175
90 0.00125
91 0.00165
92 0.0006
93 0.0006
94 0.00035
95 0.00035
96 0.0003
97 0
98 0
99 0
100 0
1 0
2 0
3 5e-05
4 0.0003
5 0.00035
6 0.00045
7 0.00095
8 0.00095
9 0.0013
10 0.00125
11 0.0017
12 0.00195
13 0.0022
14 0.0029
15 0.0029
16 0.0035
17 0.0037
18 0.00355
19 0.00455
20 0.0058
21 0.00585
22 0.00625
23 0.00685
24 0.00775
25 0.0075
26 0.00845
27 0.01
28 0.0103
29 0.0094
30 0.01105
31 0.01275
32 0.0127
33 0.01415
34 0.0139
35 0.0153
36 0.01715
37 0.01785
38 0.017
39 0.0179
40 0.01715
41 0.0196
42 0.02055
43 0.0202
44 0.02145
45 0.0226
46 0.02375
47 0.025
48 0.0241
49 0.0268
50 0.0268
51 0.0253
52 0.02525
53 0.02565
54 0.0231
55 0.0228
56 0.0212
57 0.02035
58 0.02045
59 0.0182
60 0.01915
61 0.01905
62 0.01665
63 0.01575
64 0.0159
65 0.01585
66 0.01395
67 0.0136
68 0.01255
69 0.01325
70 0.01255
71 0.01115
72 0.00995
73 0.0094
74 0.009
75 0.00975
76 0.008
77 0.00775
78 0.0066
79 0.00595
80 0.00605
81 0.0057
82 0.0043
83 0.0047
84 0.0035
85 0.00365
86 0.00305
87 0.00165
88 0.0025
89 0.00195
90 0.00195
91 0.00135
92 0.001
93 0.00065
94 0.0006
95 0.0004
96 0.00035
97 0
98 0
99 0
100 0
